{"nbformat":4,"nbformat_minor":0,"metadata":{"colab":{"name":"Punto 8 taller 2 matrices.ipynb","provenance":[],"collapsed_sections":[],"authorship_tag":"ABX9TyPX4XSZJi7oOSOQoCpgFcfl"},"kernelspec":{"name":"python3","display_name":"Python 3"}},"cells":[{"cell_type":"code","metadata":{"id":"DwnJmzyNfORH"},"source":["import numpy as np"],"execution_count":null,"outputs":[]},{"cell_type":"code","metadata":{"colab":{"base_uri":"https://localhost:8080/"},"id":"TlTKwACCfST8","executionInfo":{"status":"ok","timestamp":1615234804925,"user_tz":300,"elapsed":591,"user":{"displayName":"YAMILE HERRERA GARCIA","photoUrl":"https://lh3.googleusercontent.com/a-/AOh14Ghy2Sn46ZNnrU5QzOb2XgDISEQkuakr99UuZQ8h=s64","userId":"07996063638556786968"}},"outputId":"be631ef7-cd5a-4ed6-cc78-8ec757152e31"},"source":["A= np.array([[1,2,3],[4,5,6],[7,8,0]])\r\n","print(A)"],"execution_count":null,"outputs":[{"output_type":"stream","text":["[[1 2 3]\n"," [4 5 6]\n"," [7 8 0]]\n"],"name":"stdout"}]},{"cell_type":"code","metadata":{"colab":{"base_uri":"https://localhost:8080/"},"id":"Rddagy7df0kE","executionInfo":{"status":"ok","timestamp":1615234897621,"user_tz":300,"elapsed":585,"user":{"displayName":"YAMILE HERRERA GARCIA","photoUrl":"https://lh3.googleusercontent.com/a-/AOh14Ghy2Sn46ZNnrU5QzOb2XgDISEQkuakr99UuZQ8h=s64","userId":"07996063638556786968"}},"outputId":"d0f15e22-af68-4a56-e741-dedeacb9bf85"},"source":["A_inv = np.linalg.inv(A)\r\n","A_inv"],"execution_count":null,"outputs":[{"output_type":"execute_result","data":{"text/plain":["array([[-1.77777778,  0.88888889, -0.11111111],\n","       [ 1.55555556, -0.77777778,  0.22222222],\n","       [-0.11111111,  0.22222222, -0.11111111]])"]},"metadata":{"tags":[]},"execution_count":8}]},{"cell_type":"code","metadata":{"colab":{"base_uri":"https://localhost:8080/"},"id":"ZrSySxc6gKjd","executionInfo":{"status":"ok","timestamp":1615235070966,"user_tz":300,"elapsed":567,"user":{"displayName":"YAMILE HERRERA GARCIA","photoUrl":"https://lh3.googleusercontent.com/a-/AOh14Ghy2Sn46ZNnrU5QzOb2XgDISEQkuakr99UuZQ8h=s64","userId":"07996063638556786968"}},"outputId":"130d999b-3ee7-4375-9029-81d9b64b644a"},"source":["det_A = np.linalg.det(A)\r\n","det_A"],"execution_count":null,"outputs":[{"output_type":"execute_result","data":{"text/plain":["27.0"]},"metadata":{"tags":[]},"execution_count":12}]},{"cell_type":"code","metadata":{"colab":{"base_uri":"https://localhost:8080/"},"id":"c2rT58xphASV","executionInfo":{"status":"ok","timestamp":1615235255971,"user_tz":300,"elapsed":621,"user":{"displayName":"YAMILE HERRERA GARCIA","photoUrl":"https://lh3.googleusercontent.com/a-/AOh14Ghy2Sn46ZNnrU5QzOb2XgDISEQkuakr99UuZQ8h=s64","userId":"07996063638556786968"}},"outputId":"24a715a7-4723-45ff-c39f-99a915a88890"},"source":["adj_A = det_A*inv_A\r\n","print(adj_A)"],"execution_count":null,"outputs":[{"output_type":"stream","text":["[[-48.  24.  -3.]\n"," [ 42. -21.   6.]\n"," [ -3.   6.  -3.]]\n"],"name":"stdout"}]},{"cell_type":"code","metadata":{"colab":{"base_uri":"https://localhost:8080/"},"id":"34fC_Eekhhcv","executionInfo":{"status":"ok","timestamp":1615242854046,"user_tz":300,"elapsed":744,"user":{"displayName":"YAMILE HERRERA GARCIA","photoUrl":"https://lh3.googleusercontent.com/a-/AOh14Ghy2Sn46ZNnrU5QzOb2XgDISEQkuakr99UuZQ8h=s64","userId":"07996063638556786968"}},"outputId":"98949222-a679-4cf7-9b88-250f47c7e4dd"},"source":["cof_A = adj_A.T\r\n","print(cof_A)"],"execution_count":19,"outputs":[{"output_type":"stream","text":["[[-48.  42.  -3.]\n"," [ 24. -21.   6.]\n"," [ -3.   6.  -3.]]\n"],"name":"stdout"}]}]}